frame_idx,x,y,z,yaw,pitch,roll,reprojection_error,process_time,avg_center_x,avg_center_y
0,619.93,-1249.10,9189.44,1.50,-5.91,175.38,0.66,0.6694,-1000000.00,-1000000.00
1,624.42,-1252.63,9249.92,5.01,-5.62,175.30,0.61,0.0246,-1000000.00,-1000000.00
2,632.23,-1263.10,9359.74,8.26,-1.43,175.47,0.54,0.0225,-1000000.00,-1000000.00
3,631.94,-1261.36,9328.98,8.28,-1.57,175.47,0.62,0.0207,-1000000.00,-1000000.00
4,633.31,-1264.62,9334.88,5.80,-2.01,175.43,0.61,0.0249,-1000000.00,-1000000.00
5,625.40,-1250.77,9257.63,-1.34,0.00,175.97,0.34,0.0217,-1000000.00,-1000000.00
6,627.38,-1259.37,9310.49,3.05,-2.81,175.25,0.56,0.0226,-1000000.00,-1000000.00
7,627.38,-1259.37,9310.49,3.05,-2.81,175.25,0.56,0.0276,-1000000.00,-1000000.00
8,614.55,-1235.49,9164.23,1.67,-3.41,175.85,0.44,0.0240,-1000000.00,-1000000.00
9,614.51,-1239.52,9149.94,-0.77,-1.87,176.01,0.54,0.0245,-1000000.00,-1000000.00
10,606.18,-1226.26,9066.56,-3.17,-6.00,175.67,0.36,0.0252,-1000000.00,-1000000.00
11,607.77,-1221.97,9058.58,0.78,-7.11,175.31,0.32,0.0266,-1000000.00,-1000000.00
12,604.18,-1220.56,9030.68,-1.09,-7.34,176.00,0.45,0.0286,-1000000.00,-1000000.00
13,599.81,-1211.80,8954.67,-4.19,-7.00,176.08,0.50,0.0290,-1000000.00,-1000000.00
14,594.18,-1206.18,8909.37,-4.32,-7.91,176.24,0.43,0.0263,-1000000.00,-1000000.00
15,591.93,-1200.73,8880.88,-4.24,-8.34,175.93,0.61,0.0276,-1000000.00,-1000000.00
16,584.94,-1189.58,8787.23,-5.12,-10.32,176.29,0.49,0.0230,-1000000.00,-1000000.00
17,591.25,-1176.78,8828.53,6.06,22.99,177.38,0.23,0.0245,-1000000.00,-1000000.00
18,591.25,-1176.78,8828.53,6.06,22.99,177.38,inf,0.0239,-1000000.00,-1000000.00
19,591.25,-1176.78,8828.53,6.06,22.99,177.38,inf,0.0212,-1000000.00,-1000000.00
20,591.25,-1176.78,8828.53,6.06,22.99,177.38,inf,0.0202,-1000000.00,-1000000.00
21,591.25,-1176.78,8828.53,6.06,22.99,177.38,inf,0.0239,-1000000.00,-1000000.00
22,591.25,-1176.78,8828.53,6.06,22.99,177.38,inf,0.0210,-1000000.00,-1000000.00
23,591.25,-1176.78,8828.53,6.06,22.99,177.38,inf,0.0227,-1000000.00,-1000000.00
24,591.25,-1176.78,8828.53,6.06,22.99,177.38,inf,0.0218,586.50,231.00
25,591.25,-1176.78,8828.53,6.06,22.99,177.38,inf,0.0215,587.00,231.00
26,591.25,-1176.78,8828.53,6.06,22.99,177.38,inf,0.0188,587.00,231.00
27,591.25,-1176.78,8828.53,6.06,22.99,177.38,inf,0.0221,586.50,231.50
28,591.25,-1176.78,8828.53,6.06,22.99,177.38,inf,0.0203,586.50,231.50
29,591.25,-1176.78,8828.53,6.06,22.99,177.38,inf,0.0199,586.50,231.50
30,591.25,-1176.78,8828.53,6.06,22.99,177.38,inf,0.0230,586.50,231.50
31,591.25,-1176.78,8828.53,6.06,22.99,177.38,inf,0.0248,586.50,231.50
32,591.25,-1176.78,8828.53,6.06,22.99,177.38,inf,0.0231,586.50,231.50
33,591.25,-1176.78,8828.53,6.06,22.99,177.38,inf,0.0211,586.50,231.00
34,591.25,-1176.78,8828.53,6.06,22.99,177.38,inf,0.0191,586.50,231.00
35,591.25,-1176.78,8828.53,6.06,22.99,177.38,inf,0.0205,586.50,231.50
36,591.25,-1176.78,8828.53,6.06,22.99,177.38,inf,0.0211,586.00,231.00
37,591.25,-1176.78,8828.53,6.06,22.99,177.38,inf,0.0188,586.00,230.50
38,591.25,-1176.78,8828.53,6.06,22.99,177.38,inf,0.0208,586.00,230.50
39,591.25,-1176.78,8828.53,6.06,22.99,177.38,inf,0.0264,586.00,230.50
40,591.25,-1176.78,8828.53,6.06,22.99,177.38,inf,0.0252,586.00,230.00
41,591.25,-1176.78,8828.53,6.06,22.99,177.38,inf,0.0193,586.00,230.00
42,591.25,-1176.78,8828.53,6.06,22.99,177.38,inf,0.0183,586.00,230.00
43,591.25,-1176.78,8828.53,6.06,22.99,177.38,inf,0.0181,586.00,230.00
44,591.25,-1176.78,8828.53,6.06,22.99,177.38,inf,0.0175,586.00,230.00
45,591.25,-1176.78,8828.53,6.06,22.99,177.38,inf,0.0185,586.00,230.00
46,591.25,-1176.78,8828.53,6.06,22.99,177.38,inf,0.0190,586.00,230.00
47,591.25,-1176.78,8828.53,6.06,22.99,177.38,inf,0.0203,586.50,230.00
48,591.25,-1176.78,8828.53,6.06,22.99,177.38,inf,0.0179,586.50,230.00
49,591.25,-1176.78,8828.53,6.06,22.99,177.38,inf,0.0188,587.50,230.50
50,551.05,-1139.96,8414.23,3.34,-8.30,174.88,0.08,0.0216,-1000000.00,-1000000.00
51,551.50,-1141.27,8400.81,3.88,-6.16,174.84,0.10,0.0207,-1000000.00,-1000000.00
52,548.15,-1131.46,8332.26,5.28,-8.94,174.45,0.22,0.0194,-1000000.00,-1000000.00
53,552.10,-1134.56,8360.55,3.98,-7.61,174.48,0.24,0.0182,-1000000.00,-1000000.00
54,548.39,-1136.24,8329.13,4.06,-7.07,174.59,0.24,0.0223,-1000000.00,-1000000.00
55,548.39,-1136.24,8329.13,4.06,-7.07,174.59,0.24,0.0202,-1000000.00,-1000000.00
56,550.72,-1131.21,8356.41,2.60,-6.22,174.78,0.19,0.0194,-1000000.00,-1000000.00
57,546.24,-1127.39,8295.87,0.10,-6.76,174.81,0.16,0.0205,-1000000.00,-1000000.00
58,545.99,-1123.96,8255.87,2.02,-6.36,174.61,0.26,0.0176,-1000000.00,-1000000.00
59,547.81,-1127.34,8282.30,1.80,-6.08,174.63,0.30,0.0200,-1000000.00,-1000000.00
60,548.09,-1124.89,8244.51,2.83,-7.14,174.62,0.13,0.0203,-1000000.00,-1000000.00
61,549.20,-1119.81,8210.65,2.30,-6.12,174.48,0.30,0.0197,-1000000.00,-1000000.00
62,544.17,-1118.16,8183.47,3.19,-7.36,174.45,0.23,0.0180,-1000000.00,-1000000.00
63,545.73,-1118.54,8217.98,1.96,-5.09,174.69,0.16,0.0189,-1000000.00,-1000000.00
64,545.73,-1118.54,8217.98,1.96,-5.09,174.69,0.16,0.0204,-1000000.00,-1000000.00
65,545.26,-1120.77,8204.71,3.47,-6.62,174.30,0.12,0.0206,-1000000.00,-1000000.00
66,544.08,-1108.65,8158.55,2.45,-6.05,174.31,0.12,0.0195,-1000000.00,-1000000.00
67,546.37,-1115.93,8159.74,3.38,-6.52,174.65,0.12,0.0185,-1000000.00,-1000000.00
68,546.07,-1111.20,8152.66,3.01,-5.29,174.75,0.09,0.0181,-1000000.00,-1000000.00
69,544.66,-1113.37,8164.90,5.38,-5.14,174.16,0.20,0.0209,-1000000.00,-1000000.00
70,546.22,-1115.71,8173.96,3.99,-3.58,174.35,0.23,0.0180,-1000000.00,-1000000.00
71,544.15,-1110.27,8129.52,4.80,-4.83,174.20,0.29,0.0184,-1000000.00,-1000000.00
72,535.41,-1104.07,8053.57,3.20,-7.33,174.07,0.20,0.0200,-1000000.00,-1000000.00
73,537.26,-1107.07,8067.10,4.62,-5.95,173.97,0.32,0.0196,-1000000.00,-1000000.00
74,537.69,-1106.29,8050.86,4.35,-4.93,173.87,0.20,0.0199,-1000000.00,-1000000.00
75,537.26,-1107.07,8067.10,4.62,-5.95,173.97,0.32,0.0212,-1000000.00,-1000000.00
76,532.81,-1099.52,7999.33,1.71,-6.47,174.48,0.25,0.0170,-1000000.00,-1000000.00
77,541.00,-1105.70,8047.86,2.55,-5.08,174.25,0.22,0.0200,-1000000.00,-1000000.00
78,538.72,-1103.54,8034.34,2.13,-5.17,174.43,0.08,0.0198,-1000000.00,-1000000.00
79,534.22,-1100.37,7995.45,3.94,-5.32,174.13,0.35,0.0194,-1000000.00,-1000000.00
80,534.22,-1100.37,7995.45,3.94,-5.32,174.13,0.35,0.0199,-1000000.00,-1000000.00
81,535.68,-1100.84,7997.67,1.71,-5.25,174.21,0.35,0.0181,-1000000.00,-1000000.00
82,528.91,-1094.61,7932.80,5.43,-7.00,174.12,0.17,0.0175,-1000000.00,-1000000.00
83,527.59,-1085.06,7876.22,5.48,-7.86,173.78,0.21,0.0193,-1000000.00,-1000000.00
84,529.52,-1086.65,7885.66,5.96,-7.84,173.58,0.28,0.0188,-1000000.00,-1000000.00
85,528.86,-1087.37,7884.51,4.53,-6.57,173.94,0.24,0.0189,-1000000.00,-1000000.00
86,542.72,-1091.75,7939.23,0.00,-3.73,174.64,0.21,0.0191,-1000000.00,-1000000.00
87,539.39,-1089.52,7927.41,2.12,-2.46,174.75,0.31,0.0190,-1000000.00,-1000000.00
88,541.88,-1089.64,7927.45,3.39,-2.55,174.67,0.29,0.0197,-1000000.00,-1000000.00
89,539.54,-1082.29,7885.12,2.24,-3.20,174.48,0.36,0.0190,-1000000.00,-1000000.00
90,537.75,-1080.03,7847.58,4.06,-4.69,174.38,0.36,0.0206,-1000000.00,-1000000.00
91,534.54,-1074.08,7832.00,5.84,-8.24,174.26,0.52,0.0180,-1000000.00,-1000000.00
92,541.41,-1078.21,7851.36,3.09,-4.02,174.58,0.25,0.0181,-1000000.00,-1000000.00
93,541.41,-1078.21,7851.36,3.09,-4.02,174.58,0.25,0.0194,-1000000.00,-1000000.00
94,539.30,-1070.03,7783.28,4.26,-5.77,174.13,0.36,0.0187,-1000000.00,-1000000.00
95,536.73,-1067.05,7765.37,4.18,-8.33,174.09,0.47,0.0184,-1000000.00,-1000000.00
96,540.59,-1072.42,7798.01,3.73,-6.56,174.19,0.36,0.0195,-1000000.00,-1000000.00
97,540.14,-1066.36,7764.44,2.97,-7.32,174.10,0.47,0.0176,-1000000.00,-1000000.00
98,536.63,-1061.48,7740.59,3.82,-7.72,174.13,0.47,0.0182,-1000000.00,-1000000.00
99,536.88,-1062.73,7739.91,3.05,-6.72,174.21,0.43,0.0170,-1000000.00,-1000000.00
100,535.58,-1061.81,7708.33,2.56,-7.26,174.52,0.36,0.0175,-1000000.00,-1000000.00
101,535.58,-1061.81,7708.33,2.56,-7.26,174.52,0.36,0.0180,-1000000.00,-1000000.00
102,537.18,-1061.09,7728.67,0.27,-3.33,174.77,0.23,0.0183,-1000000.00,-1000000.00
103,532.72,-1055.78,7672.66,1.64,-3.88,174.74,0.35,0.0182,-1000000.00,-1000000.00
104,532.72,-1055.78,7672.66,1.64,-3.88,174.74,0.35,0.0200,-1000000.00,-1000000.00
105,530.57,-1054.22,7660.21,1.27,-4.15,174.89,0.31,0.0179,-1000000.00,-1000000.00
106,530.57,-1054.22,7660.21,1.27,-4.15,174.89,0.31,0.0175,-1000000.00,-1000000.00
107,530.57,-1054.22,7660.21,1.27,-4.15,174.89,0.31,0.0174,-1000000.00,-1000000.00
108,528.31,-1051.60,7617.35,-0.31,-3.29,175.33,0.28,0.0180,-1000000.00,-1000000.00
109,532.34,-1057.64,7667.18,1.48,-1.88,175.14,0.37,0.0170,-1000000.00,-1000000.00
110,519.18,-1044.48,7548.03,-0.23,-4.07,175.52,0.42,0.0175,-1000000.00,-1000000.00
111,520.16,-1042.57,7534.54,1.88,-3.81,175.43,0.36,0.0176,-1000000.00,-1000000.00
112,520.16,-1042.57,7534.54,1.88,-3.81,175.43,0.36,0.0186,-1000000.00,-1000000.00
113,516.92,-1040.34,7514.34,2.85,-4.67,175.18,0.29,0.0180,-1000000.00,-1000000.00
114,515.14,-1039.64,7499.99,1.40,-3.75,175.43,0.27,0.0183,-1000000.00,-1000000.00
115,515.06,-1034.12,7472.25,0.58,-3.99,175.67,0.18,0.0184,-1000000.00,-1000000.00
116,511.30,-1032.82,7444.59,1.58,-5.02,175.66,0.26,0.0171,-1000000.00,-1000000.00
117,510.15,-1029.94,7424.97,1.14,-4.70,175.80,0.38,0.0175,-1000000.00,-1000000.00
118,510.81,-1028.95,7418.01,1.76,-4.58,175.64,0.32,0.0165,-1000000.00,-1000000.00
119,511.54,-1029.11,7394.31,-0.26,-4.27,176.24,0.26,0.0174,-1000000.00,-1000000.00
120,516.33,-1031.15,7409.87,0.90,-4.03,176.04,0.31,0.0189,-1000000.00,-1000000.00
121,513.01,-1024.75,7355.29,0.04,-5.91,176.16,0.32,0.0180,-1000000.00,-1000000.00
122,513.22,-1023.97,7334.37,-0.42,-6.40,175.94,0.24,0.0181,-1000000.00,-1000000.00
123,513.55,-1019.50,7313.32,1.76,-6.61,175.74,0.32,0.0170,-1000000.00,-1000000.00
124,513.23,-1016.36,7306.05,1.31,-6.05,175.76,0.29,0.0170,-1000000.00,-1000000.00
125,520.42,-1020.20,7322.10,0.39,-5.80,175.73,0.36,0.0172,-1000000.00,-1000000.00
126,519.68,-1016.99,7295.03,0.95,-6.60,175.65,0.45,0.0185,-1000000.00,-1000000.00
127,522.20,-1009.02,7262.88,-0.32,-6.70,175.48,0.36,0.0180,-1000000.00,-1000000.00
128,523.51,-1005.01,7250.73,0.89,-5.61,175.25,0.31,0.0161,-1000000.00,-1000000.00
129,524.23,-1001.58,7219.01,0.54,-7.16,175.33,0.34,0.0187,-1000000.00,-1000000.00
130,521.81,-996.74,7195.02,1.99,-7.38,175.19,0.44,0.0180,-1000000.00,-1000000.00
131,531.33,-1003.30,7234.41,2.54,-6.31,174.95,0.22,0.0190,-1000000.00,-1000000.00
132,531.10,-999.98,7241.25,3.86,-5.08,175.09,0.23,0.0169,-1000000.00,-1000000.00
133,533.10,-997.02,7226.33,0.29,-3.76,175.00,0.23,0.0190,-1000000.00,-1000000.00
134,532.99,-993.35,7195.71,1.67,-4.44,174.76,0.27,0.0190,-1000000.00,-1000000.00
135,535.32,-987.99,7168.62,1.31,-4.59,174.61,0.15,0.0175,-1000000.00,-1000000.00
136,541.54,-989.99,7203.50,-0.64,-3.15,174.82,0.18,0.0185,-1000000.00,-1000000.00
137,541.54,-989.99,7203.50,-0.64,-3.15,174.82,0.18,0.0180,-1000000.00,-1000000.00
138,541.52,-986.77,7168.28,-0.32,-2.74,174.67,0.28,0.0195,-1000000.00,-1000000.00
139,541.52,-986.77,7168.28,-0.32,-2.74,174.67,0.28,0.0185,-1000000.00,-1000000.00
140,544.38,-984.91,7151.65,-0.22,-3.34,174.52,0.19,0.0190,-1000000.00,-1000000.00
141,543.63,-983.93,7132.97,1.20,-2.88,174.52,0.22,0.0181,-1000000.00,-1000000.00
142,543.60,-982.23,7127.38,0.53,-4.27,174.43,0.24,0.0170,-1000000.00,-1000000.00
143,539.69,-975.55,7089.40,-0.10,-4.68,174.43,0.28,0.0187,-1000000.00,-1000000.00
144,526.23,-970.78,7084.29,-6.99,-10.62,175.83,1.43,0.0182,-1000000.00,-1000000.00
145,526.23,-970.78,7084.29,-6.99,-10.62,175.83,1.43,0.0185,-1000000.00,-1000000.00
146,523.15,-968.02,7061.79,-6.79,-11.06,175.82,1.42,0.0191,-1000000.00,-1000000.00
147,521.15,-967.50,7056.85,-6.10,-11.25,175.62,1.44,0.0191,-1000000.00,-1000000.00
148,514.81,-959.86,7001.28,-6.99,-10.99,175.88,1.42,0.0190,-1000000.00,-1000000.00
149,522.22,-963.53,6966.17,0.74,-5.71,174.11,0.16,0.0191,-1000000.00,-1000000.00
150,517.39,-966.06,6998.70,1.15,-3.60,174.46,0.24,0.0174,-1000000.00,-1000000.00
151,517.39,-966.06,6998.70,1.15,-3.60,174.46,0.24,0.0208,-1000000.00,-1000000.00
152,506.16,-959.80,6918.98,-1.17,-5.67,174.67,0.20,0.0196,-1000000.00,-1000000.00
153,502.22,-957.29,6896.80,-1.75,-6.56,174.81,0.28,0.0194,-1000000.00,-1000000.00
154,499.99,-962.68,6937.63,0.31,-3.41,174.75,0.20,0.0195,-1000000.00,-1000000.00
155,491.64,-957.86,6894.08,0.33,-5.22,174.80,0.22,0.0187,-1000000.00,-1000000.00
156,485.86,-955.00,6891.94,0.87,-3.82,174.68,0.29,0.0190,-1000000.00,-1000000.00
157,485.86,-955.00,6891.94,0.87,-3.82,174.68,0.29,0.0180,-1000000.00,-1000000.00
158,477.46,-953.27,6874.31,-0.54,-5.06,174.97,0.28,0.0165,-1000000.00,-1000000.00
159,477.46,-953.27,6874.31,-0.54,-5.06,174.97,0.28,0.0171,-1000000.00,-1000000.00
160,467.61,-947.32,6824.32,-0.71,-6.46,174.96,0.25,0.0185,-1000000.00,-1000000.00
161,465.32,-943.57,6833.90,-0.33,-3.78,174.82,0.32,0.0185,-1000000.00,-1000000.00
162,462.21,-942.98,6830.84,0.19,-3.47,174.68,0.43,0.0172,-1000000.00,-1000000.00
163,452.95,-943.81,6806.51,2.43,-4.57,174.75,0.40,0.0174,-1000000.00,-1000000.00
164,450.46,-940.52,6797.83,1.00,-4.02,174.84,0.38,0.0180,-1000000.00,-1000000.00
165,444.88,-937.10,6768.26,3.11,-4.81,174.55,0.35,0.0173,-1000000.00,-1000000.00
166,440.83,-933.48,6757.47,1.93,-4.15,174.86,0.24,0.0179,-1000000.00,-1000000.00
167,432.88,-928.10,6718.04,2.59,-6.69,174.85,0.24,0.0170,-1000000.00,-1000000.00
168,428.71,-929.77,6740.98,0.81,-4.59,174.72,0.29,0.0170,-1000000.00,-1000000.00
169,426.36,-927.68,6737.04,-0.34,-2.32,174.81,0.20,0.0210,-1000000.00,-1000000.00
170,420.44,-924.46,6704.70,-0.11,-4.09,174.74,0.30,0.0180,-1000000.00,-1000000.00
171,412.17,-923.48,6686.38,1.23,-3.78,174.73,0.36,0.0183,-1000000.00,-1000000.00
172,406.98,-919.57,6692.60,1.79,-1.60,174.69,0.22,0.0180,-1000000.00,-1000000.00
173,401.49,-915.14,6651.50,0.40,-3.40,174.83,0.38,0.0164,-1000000.00,-1000000.00
174,392.59,-909.87,6595.52,-0.98,-4.53,175.11,0.37,0.0175,-1000000.00,-1000000.00
175,390.85,-906.26,6593.73,-0.32,-4.32,175.05,0.28,0.0172,-1000000.00,-1000000.00
176,385.46,-906.62,6595.67,0.50,-4.42,174.99,0.25,0.0179,-1000000.00,-1000000.00
177,380.58,-901.95,6572.51,0.07,-4.60,174.87,0.21,0.0164,-1000000.00,-1000000.00
178,378.29,-896.63,6559.46,-1.84,-4.27,175.21,0.25,0.0169,-1000000.00,-1000000.00
179,372.48,-896.56,6557.96,1.81,-4.20,174.93,0.28,0.0160,-1000000.00,-1000000.00
180,373.36,-896.91,6579.03,-0.09,-3.08,175.00,0.28,0.0181,-1000000.00,-1000000.00
181,362.96,-889.21,6527.71,0.00,-4.26,174.94,0.33,0.0165,-1000000.00,-1000000.00
182,360.73,-890.10,6538.51,0.52,-3.41,174.93,0.29,0.0170,-1000000.00,-1000000.00
183,354.43,-885.22,6493.55,0.86,-5.06,174.87,0.26,0.0176,-1000000.00,-1000000.00
184,353.28,-881.66,6501.95,1.29,-2.87,174.83,0.30,0.0159,-1000000.00,-1000000.00
185,350.55,-882.02,6504.48,-0.34,-3.04,175.03,0.36,0.0203,-1000000.00,-1000000.00
186,346.31,-876.41,6467.78,-0.57,-4.34,174.82,0.40,0.0184,-1000000.00,-1000000.00
187,341.97,-876.09,6447.83,1.02,-5.33,174.78,0.23,0.0178,-1000000.00,-1000000.00
188,338.48,-868.41,6414.33,-0.37,-5.33,174.98,0.32,0.0171,-1000000.00,-1000000.00
189,337.60,-870.58,6453.90,0.31,-3.14,174.72,0.11,0.0162,-1000000.00,-1000000.00
190,334.38,-866.74,6409.12,-0.24,-3.90,175.03,0.21,0.0181,-1000000.00,-1000000.00
191,330.95,-865.05,6418.19,0.14,-4.29,175.03,0.27,0.0171,-1000000.00,-1000000.00
192,323.08,-855.80,6377.62,1.68,-3.12,174.63,0.31,0.0173,-1000000.00,-1000000.00
193,321.68,-855.00,6371.38,1.42,-3.17,174.77,0.26,0.0173,-1000000.00,-1000000.00
194,320.27,-854.18,6364.87,1.18,-3.24,174.89,0.27,0.0170,-1000000.00,-1000000.00
195,317.00,-851.17,6352.07,1.54,-3.58,174.91,0.27,0.0187,-1000000.00,-1000000.00
196,316.05,-848.58,6323.29,0.65,-3.11,174.85,0.25,0.0184,-1000000.00,-1000000.00
197,315.32,-849.27,6327.41,0.16,-3.37,174.98,0.27,0.0201,-1000000.00,-1000000.00
198,307.84,-844.18,6295.44,2.16,-4.18,174.72,0.43,0.0179,-1000000.00,-1000000.00
199,307.13,-844.36,6316.03,0.73,-2.94,174.91,0.38,0.0188,-1000000.00,-1000000.00
200,305.79,-842.20,6279.50,0.14,-4.51,174.94,0.32,0.0192,-1000000.00,-1000000.00
201,303.78,-841.88,6277.80,-0.73,-4.43,175.00,0.35,0.0182,-1000000.00,-1000000.00
202,303.67,-836.74,6139.08,-1.55,-12.74,176.09,1.23,0.0190,-1000000.00,-1000000.00
203,304.57,-836.76,6130.62,-1.79,-12.13,175.99,1.28,0.0180,-1000000.00,-1000000.00
204,294.13,-831.41,6216.89,0.49,-3.04,175.11,0.23,0.0191,-1000000.00,-1000000.00
205,294.13,-831.41,6216.89,0.49,-3.04,175.11,0.23,0.0174,-1000000.00,-1000000.00
206,285.80,-824.60,6156.47,-0.05,-4.64,174.90,0.24,0.0175,-1000000.00,-1000000.00
207,285.33,-823.30,6156.12,0.55,-2.86,175.02,0.26,0.0168,-1000000.00,-1000000.00
208,283.91,-823.89,6135.30,-0.64,-3.33,175.00,0.35,0.0172,-1000000.00,-1000000.00
209,283.83,-821.41,6132.18,-0.84,-2.59,175.08,0.32,0.0178,-1000000.00,-1000000.00
210,278.92,-822.97,6099.74,-0.79,-4.36,175.01,0.41,0.0206,-1000000.00,-1000000.00
211,279.34,-819.10,6098.96,-1.68,-3.41,175.09,0.39,0.0185,-1000000.00,-1000000.00
212,277.91,-818.29,6091.98,-1.79,-3.57,175.21,0.31,0.0219,-1000000.00,-1000000.00
213,274.21,-815.47,6056.77,-2.08,-4.03,175.10,0.40,0.0185,-1000000.00,-1000000.00
214,269.76,-811.31,6026.44,-2.75,-3.86,175.38,0.41,0.0199,-1000000.00,-1000000.00
215,267.87,-809.33,6008.03,-2.82,-4.47,175.39,0.51,0.0178,-1000000.00,-1000000.00
216,265.85,-810.62,5996.00,-2.23,-4.31,175.30,0.48,0.0172,-1000000.00,-1000000.00
217,264.46,-809.80,5988.87,-2.33,-4.48,175.42,0.40,0.0178,-1000000.00,-1000000.00
218,264.52,-810.71,5983.93,-2.96,-2.65,175.49,0.43,0.0197,-1000000.00,-1000000.00
219,259.93,-808.87,5946.97,-3.50,-4.87,175.44,0.46,0.0185,-1000000.00,-1000000.00
220,259.33,-807.70,5938.26,-3.12,-4.80,175.42,0.33,0.0171,-1000000.00,-1000000.00
221,260.30,-810.12,5935.78,-1.07,-4.38,175.31,0.40,0.0175,-1000000.00,-1000000.00
222,258.86,-806.22,5915.04,-2.03,-4.90,175.30,0.51,0.0183,-1000000.00,-1000000.00
223,255.75,-806.66,5889.75,-2.49,-4.18,175.36,0.48,0.0173,-1000000.00,-1000000.00
224,255.43,-804.87,5865.46,-3.66,-4.31,175.23,0.57,0.0185,-1000000.00,-1000000.00
225,255.92,-802.30,5844.64,-2.15,-4.47,175.08,0.51,0.0171,-1000000.00,-1000000.00
226,254.43,-804.05,5850.50,-1.02,-5.66,175.15,0.40,0.0197,-1000000.00,-1000000.00
227,255.96,-802.75,5826.19,-1.66,-4.48,175.11,0.49,0.0161,-1000000.00,-1000000.00
228,255.96,-802.75,5826.19,-1.66,-4.48,175.11,0.49,0.0180,-1000000.00,-1000000.00
229,255.46,-802.52,5814.13,-1.86,-2.53,175.17,0.37,0.0181,-1000000.00,-1000000.00
230,254.60,-797.80,5766.19,-1.83,-4.80,175.26,0.47,0.0167,-1000000.00,-1000000.00
231,252.70,-799.40,5743.97,-2.02,-5.29,175.14,0.37,0.0183,-1000000.00,-1000000.00
232,253.43,-798.93,5741.33,-1.60,-5.09,175.01,0.34,0.0172,-1000000.00,-1000000.00
233,254.34,-798.07,5720.88,-1.03,-3.83,174.92,0.36,0.0198,-1000000.00,-1000000.00
234,251.96,-797.14,5696.39,-2.34,-5.25,175.02,0.44,0.0160,-1000000.00,-1000000.00
235,250.27,-796.07,5669.87,-1.47,-4.83,174.89,0.46,0.0174,-1000000.00,-1000000.00
236,253.46,-795.98,5693.52,-1.50,-4.18,174.99,0.38,0.0180,-1000000.00,-1000000.00
237,253.60,-797.07,5699.16,-3.24,-2.92,175.08,0.32,0.0184,-1000000.00,-1000000.00
238,251.57,-797.43,5665.20,-2.23,-3.85,175.07,0.45,0.0174,-1000000.00,-1000000.00
239,249.45,-796.26,5666.41,-0.48,-3.80,174.93,0.40,0.0155,-1000000.00,-1000000.00
240,246.79,-795.22,5630.99,-2.17,-3.46,175.10,0.39,0.0185,-1000000.00,-1000000.00
241,246.79,-795.22,5630.99,-2.17,-3.46,175.10,0.39,0.0172,-1000000.00,-1000000.00
242,241.67,-794.86,5599.72,-1.32,-3.14,175.17,0.32,0.0170,-1000000.00,-1000000.00
243,238.96,-792.81,5568.00,-2.44,-4.45,175.26,0.33,0.0168,-1000000.00,-1000000.00
244,233.79,-789.99,5533.92,-3.22,-5.20,175.39,0.31,0.0161,-1000000.00,-1000000.00
245,233.09,-789.98,5529.19,-2.49,-4.20,175.40,0.27,0.0162,-1000000.00,-1000000.00
246,232.98,-787.35,5521.35,-2.82,-4.02,175.39,0.27,0.0194,-1000000.00,-1000000.00
247,227.46,-787.21,5488.36,-2.88,-4.49,175.46,0.40,0.0182,-1000000.00,-1000000.00
248,226.01,-787.74,5494.80,-3.57,-4.08,175.61,0.33,0.0178,-1000000.00,-1000000.00
249,223.07,-783.41,5459.93,-4.52,-3.14,175.76,0.41,0.0190,-1000000.00,-1000000.00
250,220.22,-787.11,5473.33,-2.47,-3.57,175.54,0.33,0.0175,-1000000.00,-1000000.00
251,218.88,-787.17,5465.63,-2.51,-3.29,175.56,0.41,0.0206,-1000000.00,-1000000.00
252,214.30,-781.52,5422.72,-1.22,-3.65,175.58,0.42,0.0163,-1000000.00,-1000000.00
253,212.09,-780.28,5409.33,-1.76,-4.49,175.71,0.52,0.0193,-1000000.00,-1000000.00
254,208.20,-777.70,5402.85,-0.98,-4.03,175.54,0.41,0.0190,-1000000.00,-1000000.00
255,205.08,-777.31,5372.15,-2.74,-4.05,175.79,0.50,0.0185,-1000000.00,-1000000.00
256,202.66,-774.54,5347.69,-1.90,-4.82,175.56,0.49,0.0171,-1000000.00,-1000000.00
257,201.94,-774.96,5349.52,-2.28,-5.06,175.67,0.49,0.0181,-1000000.00,-1000000.00
258,198.81,-771.83,5332.06,-3.25,-4.31,175.68,0.44,0.0181,-1000000.00,-1000000.00
259,196.78,-772.46,5340.61,-2.87,-3.58,175.65,0.43,0.0179,-1000000.00,-1000000.00
260,192.05,-767.27,5292.74,-2.90,-3.86,175.75,0.46,0.0173,-1000000.00,-1000000.00
261,192.99,-767.90,5290.09,-2.92,-3.52,175.44,0.54,0.0175,-1000000.00,-1000000.00
262,190.73,-765.55,5264.62,-3.93,-3.52,175.58,0.56,0.0167,-1000000.00,-1000000.00
263,187.65,-758.82,5234.00,-3.92,-3.77,175.52,0.54,0.0181,-1000000.00,-1000000.00
264,186.00,-758.38,5227.84,-3.23,-4.24,175.38,0.52,0.0195,-1000000.00,-1000000.00
265,180.94,-756.84,5214.58,-2.29,-4.56,175.24,0.49,0.0173,-1000000.00,-1000000.00
266,178.06,-756.36,5184.51,-3.99,-4.57,175.49,0.53,0.0184,-1000000.00,-1000000.00
267,174.47,-750.39,5178.55,-3.53,-3.02,175.55,0.56,0.0175,-1000000.00,-1000000.00
268,171.96,-749.81,5157.90,-3.63,-4.27,175.50,0.43,0.0211,-1000000.00,-1000000.00
269,166.37,-747.14,5136.09,-3.78,-3.27,175.50,0.53,0.0174,-1000000.00,-1000000.00
270,162.22,-746.67,5134.50,-3.48,-4.47,175.51,0.51,0.0186,-1000000.00,-1000000.00
271,158.61,-741.94,5101.45,-3.99,-4.43,175.58,0.45,0.0185,-1000000.00,-1000000.00
272,157.68,-743.14,5104.01,-4.00,-3.93,175.71,0.57,0.0178,-1000000.00,-1000000.00
273,150.19,-738.61,5094.53,-2.14,-3.01,175.46,0.64,0.0177,-1000000.00,-1000000.00
274,148.14,-739.49,5067.28,-3.00,-4.17,175.38,0.66,0.0185,-1000000.00,-1000000.00
275,146.67,-734.41,5046.36,-3.23,-3.20,175.45,0.70,0.0164,-1000000.00,-1000000.00
276,145.07,-733.98,5039.94,-2.53,-3.69,175.32,0.66,0.0171,-1000000.00,-1000000.00
277,141.15,-731.85,5019.93,-3.21,-4.53,175.65,0.64,0.0181,-1000000.00,-1000000.00
278,138.46,-727.63,4994.54,-3.02,-5.23,175.53,0.64,0.0175,-1000000.00,-1000000.00
279,131.93,-727.62,4983.22,-2.42,-4.16,175.34,0.56,0.0185,-1000000.00,-1000000.00
280,129.80,-725.67,4966.32,-2.69,-4.67,175.46,0.54,0.0185,-1000000.00,-1000000.00
281,125.46,-723.24,4939.03,-2.92,-4.92,175.66,0.53,0.0175,-1000000.00,-1000000.00
282,123.71,-721.31,4936.32,-3.24,-4.57,175.53,0.67,0.0184,-1000000.00,-1000000.00
283,121.33,-720.22,4917.16,-4.60,-3.78,175.54,0.46,0.0209,-1000000.00,-1000000.00
284,119.95,-719.69,4906.88,-4.36,-3.42,175.57,0.55,0.0218,-1000000.00,-1000000.00
285,117.41,-717.06,4879.15,-4.31,-3.52,175.48,0.47,0.0175,-1000000.00,-1000000.00
286,118.04,-712.88,4836.08,-3.77,-5.64,175.57,0.62,0.0201,-1000000.00,-1000000.00
287,115.31,-714.58,4843.00,-3.69,-5.09,175.59,0.62,0.0174,-1000000.00,-1000000.00
288,112.14,-711.35,4814.56,-4.00,-6.02,175.73,0.71,0.0181,-1000000.00,-1000000.00
289,110.57,-713.19,4810.74,-4.59,-4.72,175.71,0.67,0.0187,-1000000.00,-1000000.00
290,105.76,-708.54,4780.74,-3.86,-5.59,175.64,0.57,0.0175,-1000000.00,-1000000.00
291,104.44,-707.33,4766.09,-3.74,-5.24,175.53,0.73,0.0181,-1000000.00,-1000000.00
292,101.41,-705.18,4754.37,-3.72,-4.71,175.46,0.68,0.0172,-1000000.00,-1000000.00
293,99.38,-704.17,4726.62,-5.42,-5.53,175.69,0.71,0.0178,-1000000.00,-1000000.00
294,94.47,-701.92,4721.29,-3.84,-5.03,175.59,0.67,0.0190,-1000000.00,-1000000.00
295,92.81,-703.71,4714.06,-4.18,-5.61,175.56,0.75,0.0217,-1000000.00,-1000000.00
296,88.84,-700.30,4682.90,-4.49,-5.51,175.54,0.94,0.0172,-1000000.00,-1000000.00
297,86.60,-697.51,4671.05,-4.17,-5.56,175.56,0.78,0.0177,-1000000.00,-1000000.00
298,82.66,-693.93,4643.45,-4.29,-6.01,175.52,0.82,0.0176,-1000000.00,-1000000.00
299,80.19,-690.23,4622.54,-5.00,-6.54,175.71,0.81,0.0174,-1000000.00,-1000000.00
300,79.57,-693.37,4630.70,-5.34,-4.95,175.77,0.72,0.0219,-1000000.00,-1000000.00
301,77.29,-692.40,4608.56,-6.26,-6.19,175.98,0.75,0.0186,-1000000.00,-1000000.00
302,72.41,-687.98,4580.07,-4.91,-6.97,175.72,0.71,0.0190,-1000000.00,-1000000.00
303,71.24,-688.47,4572.31,-4.71,-6.23,175.62,0.70,0.0179,-1000000.00,-1000000.00
304,67.49,-684.70,4555.17,-4.74,-6.03,175.68,0.81,0.0181,-1000000.00,-1000000.00
305,66.26,-681.19,4523.27,-6.03,-6.09,176.02,0.81,0.0180,-1000000.00,-1000000.00
306,60.03,-680.71,4524.82,-4.66,-6.42,175.86,0.75,0.0183,-1000000.00,-1000000.00
307,59.33,-677.58,4514.97,-5.14,-4.67,175.66,0.85,0.0169,-1000000.00,-1000000.00
308,56.61,-674.52,4478.56,-4.35,-5.69,175.91,0.84,0.0182,-1000000.00,-1000000.00
309,54.37,-672.97,4477.69,-3.69,-5.32,175.67,0.76,0.0183,-1000000.00,-1000000.00
310,50.67,-668.91,4444.42,-4.87,-6.18,175.79,0.93,0.0180,-1000000.00,-1000000.00
311,50.42,-667.80,4440.10,-5.75,-5.76,175.86,0.72,0.0170,-1000000.00,-1000000.00
312,48.31,-667.06,4431.89,-5.30,-6.18,175.84,0.61,0.0178,-1000000.00,-1000000.00
313,45.57,-664.00,4412.64,-5.41,-4.74,175.83,0.74,0.0181,-1000000.00,-1000000.00
314,43.37,-665.13,4406.97,-4.76,-5.56,175.77,0.60,0.0171,-1000000.00,-1000000.00
315,38.96,-660.15,4377.21,-5.99,-4.95,175.97,0.63,0.0167,-1000000.00,-1000000.00
316,38.23,-658.13,4374.68,-6.28,-3.31,175.87,0.53,0.0179,-1000000.00,-1000000.00
317,35.16,-659.80,4365.79,-5.61,-4.02,175.86,0.63,0.0164,-1000000.00,-1000000.00
318,36.51,-655.20,4348.24,-6.40,-4.21,176.01,0.57,0.0180,-1000000.00,-1000000.00
319,33.22,-652.35,4319.67,-5.59,-4.33,175.81,0.63,0.0169,-1000000.00,-1000000.00
320,32.37,-651.98,4316.66,-5.60,-4.39,175.89,0.57,0.0170,-1000000.00,-1000000.00
321,29.43,-646.83,4283.22,-6.34,-4.15,175.97,0.69,0.0165,-1000000.00,-1000000.00
322,28.21,-646.65,4279.20,-5.83,-4.51,175.87,0.63,0.0191,-1000000.00,-1000000.00
323,24.15,-642.42,4242.75,-6.10,-4.50,175.98,0.61,0.0201,-1000000.00,-1000000.00
324,22.84,-642.57,4250.10,-5.55,-3.56,175.93,0.59,0.0184,-1000000.00,-1000000.00
325,18.44,-639.83,4223.90,-5.19,-4.56,175.85,0.77,0.0181,-1000000.00,-1000000.00
326,17.47,-639.19,4214.86,-4.98,-5.18,176.01,0.79,0.0182,-1000000.00,-1000000.00
327,16.84,-636.31,4195.07,-5.34,-4.17,176.01,0.74,0.0198,-1000000.00,-1000000.00
328,15.88,-633.72,4182.07,-5.16,-4.49,175.90,0.83,0.0195,-1000000.00,-1000000.00
329,13.65,-632.20,4162.51,-5.42,-4.77,175.92,0.78,0.0192,-1000000.00,-1000000.00
330,11.98,-632.76,4161.39,-5.39,-4.44,176.09,0.78,0.0175,-1000000.00,-1000000.00
331,5.93,-628.81,4134.40,-5.88,-4.42,176.30,0.77,0.0170,-1000000.00,-1000000.00
332,6.35,-624.95,4111.57,-6.41,-3.95,176.34,0.66,0.0166,-1000000.00,-1000000.00
333,7.80,-624.77,4099.04,-6.17,-4.53,176.23,0.62,0.0199,-1000000.00,-1000000.00
334,4.41,-622.64,4086.42,-5.99,-3.27,176.15,0.66,0.0172,-1000000.00,-1000000.00
335,4.20,-621.04,4080.29,-5.69,-3.57,175.97,0.63,0.0172,-1000000.00,-1000000.00
336,4.22,-618.86,4047.42,-6.51,-5.13,176.15,0.63,0.0173,-1000000.00,-1000000.00
337,4.65,-617.50,4040.48,-7.11,-3.90,176.19,0.67,0.0185,-1000000.00,-1000000.00
338,0.39,-615.53,4027.17,-5.68,-4.68,176.06,0.59,0.0185,-1000000.00,-1000000.00
339,-0.02,-615.13,4015.81,-6.14,-4.01,176.09,0.70,0.0201,-1000000.00,-1000000.00
340,-1.49,-609.40,3975.20,-6.03,-5.10,176.03,0.62,0.0161,-1000000.00,-1000000.00
341,-1.76,-609.94,3975.81,-5.75,-4.58,176.03,0.67,0.0177,-1000000.00,-1000000.00
342,-1.60,-607.34,3956.37,-6.78,-4.00,175.82,0.67,0.0203,-1000000.00,-1000000.00
343,-2.57,-605.52,3948.51,-6.48,-4.28,175.72,0.62,0.0173,-1000000.00,-1000000.00
344,-1.74,-605.11,3916.26,-6.35,-5.51,175.69,0.55,0.0202,-1000000.00,-1000000.00
345,-4.62,-602.25,3909.86,-5.72,-4.57,175.62,0.75,0.0163,-1000000.00,-1000000.00
346,-4.01,-599.89,3893.06,-6.34,-4.72,175.68,0.72,0.0176,-1000000.00,-1000000.00
347,-6.72,-600.13,3893.46,-5.04,-3.89,175.46,0.55,0.0184,-1000000.00,-1000000.00
348,-5.89,-591.69,3843.59,-5.66,-4.68,175.29,0.59,0.0206,-1000000.00,-1000000.00
349,-5.91,-591.17,3834.74,-6.54,-3.71,175.47,0.64,0.0175,-1000000.00,-1000000.00
350,-9.03,-591.96,3831.75,-5.52,-3.85,175.33,0.70,0.0184,-1000000.00,-1000000.00
351,-9.13,-589.97,3822.11,-6.23,-3.41,175.39,0.60,0.0180,-1000000.00,-1000000.00
352,-10.78,-586.66,3798.97,-5.92,-3.43,175.52,0.74,0.0189,-1000000.00,-1000000.00
353,-12.57,-587.39,3785.97,-5.54,-3.21,175.50,0.77,0.0169,-1000000.00,-1000000.00
354,-15.47,-583.02,3757.74,-6.22,-3.09,175.64,0.84,0.0179,-1000000.00,-1000000.00
355,-14.92,-584.95,3762.25,-6.02,-3.36,175.54,0.96,0.0208,-1000000.00,-1000000.00
356,-17.08,-580.07,3737.56,-5.13,-3.00,175.58,0.78,0.0188,-1000000.00,-1000000.00
357,-19.62,-578.18,3719.46,-5.40,-2.89,175.66,0.77,0.0172,-1000000.00,-1000000.00
358,-20.19,-575.56,3703.86,-6.23,-2.69,175.74,0.77,0.0183,-1000000.00,-1000000.00
359,-20.71,-573.44,3686.87,-7.08,-2.33,175.72,0.61,0.0188,-1000000.00,-1000000.00
360,-19.60,-569.95,3671.13,-6.63,-2.09,175.69,0.53,0.0179,-1000000.00,-1000000.00
361,-22.41,-566.10,3648.64,-5.64,-3.08,175.75,0.75,0.0191,-1000000.00,-1000000.00
362,-23.26,-563.95,3633.62,-6.16,-2.42,175.81,0.74,0.0200,-1000000.00,-1000000.00
363,-23.74,-563.13,3605.01,-6.04,-3.70,175.92,0.85,0.0171,-1000000.00,-1000000.00
364,-25.82,-560.90,3592.20,-5.97,-3.39,176.05,0.77,0.0191,-1000000.00,-1000000.00
365,-25.83,-559.02,3568.46,-6.40,-4.03,176.02,0.78,0.0180,-1000000.00,-1000000.00
366,-26.55,-558.65,3555.43,-6.27,-3.80,176.19,0.82,0.0174,-1000000.00,-1000000.00
367,-25.86,-554.64,3535.78,-6.79,-3.68,176.22,0.89,0.0171,-1000000.00,-1000000.00
368,-28.36,-554.16,3525.55,-6.23,-3.73,176.23,0.88,0.0187,-1000000.00,-1000000.00
369,-25.91,-553.29,3500.11,-7.05,-4.01,176.31,0.67,0.0180,-1000000.00,-1000000.00
370,-26.51,-552.28,3483.68,-6.92,-4.45,176.26,0.78,0.0163,-1000000.00,-1000000.00
371,-27.49,-551.21,3478.89,-5.95,-3.38,176.10,0.64,0.0181,-1000000.00,-1000000.00
372,-27.82,-550.05,3464.43,-6.14,-3.48,176.18,0.68,0.0180,-1000000.00,-1000000.00
373,-26.77,-547.29,3437.78,-6.90,-3.83,176.25,0.75,0.0190,-1000000.00,-1000000.00
374,-27.13,-546.75,3429.06,-7.12,-3.77,176.28,0.62,0.0158,-1000000.00,-1000000.00
375,-27.38,-544.37,3411.22,-6.70,-3.28,176.16,0.63,0.0180,-1000000.00,-1000000.00
376,-28.49,-543.53,3398.75,-6.05,-4.04,176.11,0.73,0.0197,-1000000.00,-1000000.00
377,-27.67,-539.45,3377.70,-7.36,-3.42,176.20,0.73,0.0179,-1000000.00,-1000000.00
378,-26.48,-538.47,3367.43,-7.12,-3.19,176.12,0.70,0.0183,-1000000.00,-1000000.00
379,-27.07,-537.35,3358.39,-7.12,-2.74,176.03,0.65,0.0178,-1000000.00,-1000000.00
380,-26.67,-535.99,3346.67,-7.41,-2.43,175.99,0.62,0.0172,-1000000.00,-1000000.00
381,-25.07,-532.74,3307.58,-6.54,-3.74,175.99,0.73,0.0190,-1000000.00,-1000000.00
382,-24.24,-533.78,3303.60,-6.10,-3.04,175.91,0.75,0.0172,-1000000.00,-1000000.00
383,-23.79,-529.47,3273.61,-6.23,-3.22,175.91,0.81,0.0170,-1000000.00,-1000000.00
384,-20.86,-526.09,3252.03,-6.97,-3.23,175.84,0.75,0.0173,-1000000.00,-1000000.00
385,-20.56,-523.23,3229.74,-7.02,-3.60,175.89,0.63,0.0171,-1000000.00,-1000000.00
386,-20.60,-521.40,3223.29,-6.91,-3.56,175.90,0.84,0.0181,-1000000.00,-1000000.00
387,-20.88,-520.91,3216.13,-6.63,-2.79,175.65,0.82,0.0170,-1000000.00,-1000000.00
388,-20.38,-521.74,3199.42,-7.49,-3.55,175.85,0.71,0.0165,-1000000.00,-1000000.00
389,-20.27,-519.38,3182.68,-6.87,-3.04,175.62,0.65,0.0192,-1000000.00,-1000000.00
390,-20.32,-517.78,3165.41,-6.15,-2.54,175.65,0.67,0.0176,-1000000.00,-1000000.00
391,-20.54,-517.58,3154.12,-6.41,-2.53,175.56,0.59,0.0172,-1000000.00,-1000000.00
392,-21.06,-514.40,3131.33,-6.28,-2.75,175.51,0.61,0.0203,-1000000.00,-1000000.00
393,-18.97,-513.39,3127.20,-6.48,-2.51,175.44,0.59,0.0185,-1000000.00,-1000000.00
394,-19.14,-511.92,3099.74,-6.57,-3.36,175.61,0.87,0.0180,-1000000.00,-1000000.00
395,-19.41,-509.85,3084.51,-6.22,-2.97,175.51,0.89,0.0174,-1000000.00,-1000000.00
396,-18.64,-505.45,3070.81,-6.82,-2.51,175.25,0.84,0.0176,-1000000.00,-1000000.00
397,-19.53,-505.50,3057.02,-6.40,-2.90,175.32,0.78,0.0181,-1000000.00,-1000000.00
398,-18.40,-502.24,3025.67,-6.51,-3.98,175.48,0.78,0.0170,-1000000.00,-1000000.00
399,-18.67,-501.87,3019.11,-5.68,-3.84,175.16,0.78,0.0180,-1000000.00,-1000000.00
400,-18.16,-498.03,2995.81,-6.42,-4.24,175.36,0.82,0.0171,-1000000.00,-1000000.00
401,-18.22,-498.06,2991.31,-6.39,-3.68,175.36,0.79,0.0182,-1000000.00,-1000000.00
402,-19.14,-494.55,2965.51,-6.36,-3.98,175.34,0.79,0.0193,-1000000.00,-1000000.00
403,-18.79,-491.60,2951.39,-7.09,-3.52,175.35,0.99,0.0169,-1000000.00,-1000000.00
404,-19.35,-488.97,2934.01,-6.94,-3.53,175.47,0.82,0.0219,-1000000.00,-1000000.00
405,-19.43,-487.64,2928.19,-7.33,-3.26,175.51,0.75,0.0227,-1000000.00,-1000000.00
406,-20.32,-482.82,2899.66,-7.27,-3.46,175.53,0.65,0.0169,-1000000.00,-1000000.00
407,-22.31,-481.39,2885.44,-7.37,-3.45,175.55,0.59,0.0240,-1000000.00,-1000000.00
408,-21.27,-478.04,2865.65,-8.08,-3.28,175.78,0.68,0.0197,-1000000.00,-1000000.00
409,-22.84,-475.69,2857.89,-7.61,-3.44,175.75,0.67,0.0188,-1000000.00,-1000000.00
410,-22.84,-474.53,2838.22,-6.93,-3.62,175.81,0.58,0.0182,-1000000.00,-1000000.00
411,-24.10,-472.46,2824.10,-7.60,-3.73,176.01,0.58,0.0203,-1000000.00,-1000000.00
412,-25.39,-472.24,2814.28,-7.40,-3.14,176.01,0.62,0.0165,-1000000.00,-1000000.00
413,-25.60,-469.08,2800.14,-7.55,-2.96,176.23,0.70,0.0186,-1000000.00,-1000000.00
414,-27.18,-466.56,2787.14,-7.00,-3.02,176.23,0.67,0.0196,-1000000.00,-1000000.00
415,-28.19,-464.74,2762.74,-6.77,-3.31,176.30,0.97,0.0182,-1000000.00,-1000000.00
416,-30.21,-464.28,2751.61,-5.87,-3.57,176.31,0.93,0.0176,-1000000.00,-1000000.00
417,-28.59,-461.49,2734.81,-7.00,-3.53,176.44,0.93,0.0184,-1000000.00,-1000000.00
418,-30.19,-459.20,2714.99,-6.33,-3.50,176.40,0.90,0.0180,-1000000.00,-1000000.00
419,-30.12,-457.93,2696.63,-6.53,-4.48,176.39,0.93,0.0168,-1000000.00,-1000000.00
420,-30.35,-456.24,2691.64,-6.29,-4.34,176.30,0.96,0.0191,-1000000.00,-1000000.00
421,-30.47,-453.02,2665.54,-5.84,-4.78,176.30,0.99,0.0176,-1000000.00,-1000000.00
422,-31.29,-450.38,2650.34,-5.91,-4.14,176.41,0.78,0.0182,-1000000.00,-1000000.00
423,-30.73,-448.23,2637.72,-5.80,-3.98,176.42,0.71,0.0162,-1000000.00,-1000000.00
424,-31.48,-445.26,2626.08,-6.27,-4.13,176.44,0.68,0.0189,-1000000.00,-1000000.00
425,-33.45,-442.37,2605.18,-6.46,-4.32,176.42,0.92,0.0176,-1000000.00,-1000000.00
426,-34.82,-439.68,2593.11,-6.47,-3.79,176.42,0.71,0.0187,-1000000.00,-1000000.00
427,-32.39,-435.88,2565.53,-7.54,-4.12,176.50,0.87,0.0178,-1000000.00,-1000000.00
428,-32.79,-433.97,2548.81,-7.36,-4.50,176.48,0.84,0.0187,-1000000.00,-1000000.00
429,-33.53,-432.09,2530.50,-7.33,-4.25,176.44,0.86,0.0178,-1000000.00,-1000000.00
430,-34.39,-430.84,2526.07,-6.99,-4.27,176.36,0.65,0.0207,-1000000.00,-1000000.00
431,-35.07,-428.15,2506.18,-6.52,-4.82,176.25,1.03,0.0186,-1000000.00,-1000000.00
432,-35.30,-426.53,2489.26,-6.47,-4.98,176.27,1.02,0.0219,-1000000.00,-1000000.00
433,-35.99,-424.24,2469.05,-6.67,-6.22,176.32,1.09,0.0196,-1000000.00,-1000000.00
434,-35.50,-421.82,2458.29,-6.16,-6.07,176.26,1.19,0.0176,-1000000.00,-1000000.00
435,-35.95,-418.95,2442.73,-5.99,-5.72,176.18,1.13,0.0180,-1000000.00,-1000000.00
436,-34.25,-416.64,2427.30,-6.33,-5.74,176.32,1.05,0.0170,-1000000.00,-1000000.00
437,-35.53,-414.78,2412.92,-6.93,-5.95,176.40,0.96,0.0170,-1000000.00,-1000000.00
438,-37.12,-411.47,2398.12,-6.60,-5.65,176.30,0.97,0.0184,-1000000.00,-1000000.00
439,-35.50,-409.11,2381.20,-7.16,-5.81,176.27,0.99,0.0210,-1000000.00,-1000000.00
440,-34.66,-407.51,2363.45,-7.47,-6.09,176.26,1.05,0.0195,-1000000.00,-1000000.00
441,-39.00,-404.59,2352.16,-5.86,-6.59,176.31,1.20,0.0223,-1000000.00,-1000000.00
442,-40.44,-403.22,2335.40,-5.89,-6.88,176.28,1.23,0.0213,-1000000.00,-1000000.00
443,-42.48,-402.40,2322.87,-5.23,-7.07,176.19,1.43,0.0174,-1000000.00,-1000000.00
444,-43.75,-399.25,2302.95,-5.31,-7.60,176.36,1.63,0.0198,-1000000.00,-1000000.00
445,-45.22,-399.18,2289.85,-5.35,-7.64,176.39,1.81,0.0180,-1000000.00,-1000000.00
446,-45.11,-397.68,2275.76,-5.50,-7.64,176.32,1.89,0.0165,-1000000.00,-1000000.00
447,-48.01,-396.09,2263.56,-5.19,-7.69,176.45,2.04,0.0173,-1000000.00,-1000000.00
448,-47.24,-393.19,2244.12,-5.42,-7.66,176.62,2.09,0.0169,-1000000.00,-1000000.00
449,-48.25,-392.44,2230.71,-5.36,-8.36,176.57,2.07,0.0223,-1000000.00,-1000000.00
450,132.21,-216.67,1855.20,-45.39,38.43,146.60,20.44,0.0203,-1000000.00,-1000000.00
451,132.21,-216.67,1855.20,-45.39,38.43,146.60,28.89,0.0211,-1000000.00,-1000000.00
452,132.21,-216.67,1855.20,-45.39,38.43,146.60,28.79,0.0188,-1000000.00,-1000000.00
453,132.21,-216.67,1855.20,-45.39,38.43,146.60,29.02,0.0197,-1000000.00,-1000000.00
454,132.21,-216.67,1855.20,-45.39,38.43,146.60,29.40,0.0192,-1000000.00,-1000000.00
455,132.21,-216.67,1855.20,-45.39,38.43,146.60,29.63,0.0204,-1000000.00,-1000000.00
456,-44.97,-381.07,2107.31,-8.17,-9.05,176.38,1.40,0.0170,-1000000.00,-1000000.00
457,-45.11,-377.23,2090.18,-8.61,-8.63,176.55,1.55,0.0173,-1000000.00,-1000000.00
458,-44.52,-375.31,2070.72,-8.35,-9.07,176.48,1.63,0.0159,-1000000.00,-1000000.00
459,-46.00,-373.29,2052.40,-8.10,-9.42,176.60,1.69,0.0195,-1000000.00,-1000000.00
460,-45.67,-372.80,2039.13,-8.54,-9.36,176.65,1.54,0.0177,-1000000.00,-1000000.00
461,-47.44,-370.95,2026.56,-7.98,-10.72,176.80,1.84,0.0187,-1000000.00,-1000000.00
462,-49.40,-370.05,2012.62,-7.76,-11.06,176.75,2.18,0.0181,-1000000.00,-1000000.00
463,-50.25,-368.19,2003.44,-7.76,-11.21,176.77,2.32,0.0182,-1000000.00,-1000000.00
464,-50.56,-365.84,1984.00,-7.96,-11.79,177.02,2.55,0.0180,-1000000.00,-1000000.00
465,-49.81,-363.32,1972.21,-8.28,-12.01,177.07,2.51,0.0181,-1000000.00,-1000000.00
466,-41.84,-362.18,1917.56,-8.69,-1.27,176.04,0.66,0.0182,-1000000.00,-1000000.00
467,-40.62,-361.14,1903.89,-9.11,-1.24,176.10,0.54,0.0194,-1000000.00,-1000000.00
468,-42.79,-357.69,1888.18,-8.69,-0.58,176.11,0.55,0.0197,-1000000.00,-1000000.00
469,-44.05,-355.59,1871.95,-8.45,0.01,176.04,0.68,0.0199,-1000000.00,-1000000.00
470,-41.87,-354.28,1851.24,-8.70,0.31,176.02,0.92,0.0222,-1000000.00,-1000000.00
471,-40.07,-352.25,1838.92,-8.83,-0.06,175.97,0.68,0.0171,-1000000.00,-1000000.00
472,-41.45,-352.31,1827.04,-8.27,-0.84,176.22,0.60,0.0227,-1000000.00,-1000000.00
473,-40.18,-349.47,1805.01,-8.51,-0.96,176.38,0.90,0.0172,-1000000.00,-1000000.00
474,-39.72,-348.39,1788.39,-8.78,-1.54,176.48,0.95,0.0167,-1000000.00,-1000000.00
475,-39.67,-346.09,1781.02,-8.77,-2.15,176.56,0.75,0.0177,-1000000.00,-1000000.00
476,-39.73,-345.85,1768.24,-8.17,-1.89,176.41,0.51,0.0181,-1000000.00,-1000000.00
477,-39.43,-344.93,1753.05,-8.28,-2.62,176.47,0.69,0.0202,-1000000.00,-1000000.00
478,-38.86,-342.14,1732.77,-8.29,-1.68,176.41,1.01,0.0188,-1000000.00,-1000000.00
479,-37.06,-339.56,1721.97,-8.53,-2.82,176.42,0.78,0.0175,-1000000.00,-1000000.00
480,-34.62,-337.59,1711.16,-8.33,-2.93,176.28,0.46,0.0177,-1000000.00,-1000000.00
481,-34.67,-337.11,1684.75,-9.09,-3.23,176.57,0.38,0.0179,-1000000.00,-1000000.00
482,-35.88,-333.94,1670.02,-8.59,-3.04,176.60,0.50,0.0181,-1000000.00,-1000000.00
483,-33.03,-330.44,1652.73,-8.67,-2.08,176.24,0.76,0.0188,-1000000.00,-1000000.00
484,-31.89,-329.20,1634.78,-8.80,-1.38,176.22,0.72,0.0176,-1000000.00,-1000000.00
485,-32.19,-329.64,1620.83,-8.74,-1.71,176.38,0.47,0.0165,-1000000.00,-1000000.00
486,-31.27,-327.34,1606.59,-8.59,-1.92,176.28,0.27,0.0200,-1000000.00,-1000000.00
487,-28.49,-323.34,1585.29,-8.95,-1.09,176.02,0.64,0.0157,-1000000.00,-1000000.00
488,-28.95,-322.33,1575.85,-8.63,-1.71,176.15,0.59,0.0165,-1000000.00,-1000000.00
489,-26.73,-322.41,1566.10,-8.57,-2.35,176.19,0.71,0.0150,-1000000.00,-1000000.00
490,-23.77,-319.56,1546.79,-8.81,-1.97,175.93,0.72,0.0181,-1000000.00,-1000000.00
491,-23.66,-318.72,1530.60,-8.73,-1.59,175.83,1.11,0.0180,-1000000.00,-1000000.00
492,-25.79,-316.85,1513.68,-8.15,-2.87,175.96,1.23,0.0160,-1000000.00,-1000000.00
493,-21.87,-314.50,1492.49,-8.44,-2.16,175.81,1.09,0.0167,-1000000.00,-1000000.00
494,-22.63,-312.03,1482.69,-8.60,-2.98,175.98,0.99,0.0175,-1000000.00,-1000000.00
495,-23.46,-309.25,1466.53,-8.51,-1.70,175.84,1.02,0.0179,-1000000.00,-1000000.00
496,-20.14,-308.45,1452.92,-9.22,-2.55,175.93,0.44,0.0166,-1000000.00,-1000000.00
497,-19.69,-306.17,1434.33,-8.90,-2.73,175.79,0.75,0.0162,-1000000.00,-1000000.00
498,-19.80,-303.33,1420.79,-9.08,-1.94,175.75,0.74,0.0158,-1000000.00,-1000000.00
499,-19.54,-302.61,1408.98,-8.60,-2.50,175.67,0.83,0.0212,-1000000.00,-1000000.00
500,-16.80,-300.50,1392.64,-8.81,-2.32,175.60,1.33,0.0180,-1000000.00,-1000000.00
501,-16.84,-299.28,1374.61,-8.78,-2.78,175.62,0.96,0.0202,-1000000.00,-1000000.00
502,-19.42,-299.55,1366.07,-8.40,-4.07,175.85,1.06,0.0183,-1000000.00,-1000000.00
503,-18.55,-298.28,1349.43,-8.18,-3.38,175.78,0.95,0.0170,-1000000.00,-1000000.00
504,-16.75,-295.21,1333.57,-8.62,-3.71,175.71,0.80,0.0164,-1000000.00,-1000000.00
505,-16.93,-291.87,1320.89,-8.58,-4.40,175.94,0.83,0.0169,-1000000.00,-1000000.00
506,-15.77,-289.58,1304.40,-8.64,-3.69,175.89,0.55,0.0212,-1000000.00,-1000000.00
507,-13.93,-286.94,1289.62,-8.51,-4.06,175.80,0.64,0.0180,-1000000.00,-1000000.00
508,-14.14,-288.65,1272.71,-8.44,-4.51,175.83,0.71,0.0205,-1000000.00,-1000000.00
509,-11.22,-287.98,1256.77,-8.81,-5.61,176.00,1.37,0.0182,-1000000.00,-1000000.00
510,-13.94,-284.55,1242.26,-8.43,-3.64,175.88,1.25,0.0184,-1000000.00,-1000000.00
511,-10.86,-282.34,1228.50,-8.78,-4.33,175.84,0.60,0.0183,-1000000.00,-1000000.00
512,-7.85,-280.79,1211.19,-8.86,-4.16,175.65,0.58,0.0160,-1000000.00,-1000000.00
513,-7.30,-277.55,1188.30,-9.67,-4.12,175.96,0.36,0.0176,-1000000.00,-1000000.00
514,-7.12,-275.93,1178.73,-9.31,-4.56,176.03,0.13,0.0177,-1000000.00,-1000000.00
515,-4.18,-274.16,1165.70,-9.56,-5.02,175.88,0.32,0.0176,-1000000.00,-1000000.00
516,-5.77,-274.94,1156.82,-9.14,-5.90,175.89,0.65,0.0185,-1000000.00,-1000000.00
517,-3.43,-273.68,1144.48,-9.32,-5.52,175.76,0.96,0.0168,-1000000.00,-1000000.00
518,1.41,-274.51,1129.59,-10.42,-5.71,175.58,2.27,0.0195,-1000000.00,-1000000.00
519,1.41,-274.51,1129.59,-10.42,-5.71,175.58,10.91,0.0174,-1000000.00,-1000000.00
520,1.41,-274.51,1129.59,-10.42,-5.71,175.58,11.71,0.0167,-1000000.00,-1000000.00
521,1.41,-274.51,1129.59,-10.42,-5.71,175.58,11.59,0.0171,-1000000.00,-1000000.00
522,1.41,-274.51,1129.59,-10.42,-5.71,175.58,12.77,0.0184,-1000000.00,-1000000.00
523,1.41,-274.51,1129.59,-10.42,-5.71,175.58,12.94,0.0185,-1000000.00,-1000000.00
524,1.41,-274.51,1129.59,-10.42,-5.71,175.58,inf,0.0158,-1000000.00,-1000000.00
525,1.41,-274.51,1129.59,-10.42,-5.71,175.58,inf,0.0179,-1000000.00,-1000000.00
526,1.41,-274.51,1129.59,-10.42,-5.71,175.58,inf,0.0166,-1000000.00,-1000000.00
527,1.41,-274.51,1129.59,-10.42,-5.71,175.58,inf,0.0173,-1000000.00,-1000000.00
528,1.41,-274.51,1129.59,-10.42,-5.71,175.58,inf,0.0145,-1000000.00,-1000000.00
529,1.41,-274.51,1129.59,-10.42,-5.71,175.58,inf,0.0162,-1000000.00,-1000000.00
530,1.41,-274.51,1129.59,-10.42,-5.71,175.58,inf,0.0154,-1000000.00,-1000000.00
531,1.41,-274.51,1129.59,-10.42,-5.71,175.58,inf,0.0157,-1000000.00,-1000000.00
532,1.41,-274.51,1129.59,-10.42,-5.71,175.58,inf,0.0196,-1000000.00,-1000000.00
533,1.41,-274.51,1129.59,-10.42,-5.71,175.58,inf,0.0145,-1000000.00,-1000000.00
534,1.41,-274.51,1129.59,-10.42,-5.71,175.58,inf,0.0160,-1000000.00,-1000000.00
535,1.41,-274.51,1129.59,-10.42,-5.71,175.58,inf,0.0228,-1000000.00,-1000000.00
536,1.41,-274.51,1129.59,-10.42,-5.71,175.58,inf,0.0160,527.50,313.50
537,1.41,-274.51,1129.59,-10.42,-5.71,175.58,inf,0.0167,527.50,313.50
538,1.41,-274.51,1129.59,-10.42,-5.71,175.58,inf,0.0149,527.50,313.50
539,1.41,-274.51,1129.59,-10.42,-5.71,175.58,inf,0.0164,-1000000.00,-1000000.00
540,1.41,-274.51,1129.59,-10.42,-5.71,175.58,inf,0.0171,-1000000.00,-1000000.00
541,1.41,-274.51,1129.59,-10.42,-5.71,175.58,inf,0.0169,-1000000.00,-1000000.00
542,1.41,-274.51,1129.59,-10.42,-5.71,175.58,inf,0.0134,-1000000.00,-1000000.00
543,1.41,-274.51,1129.59,-10.42,-5.71,175.58,inf,0.0141,-1000000.00,-1000000.00
544,1.41,-274.51,1129.59,-10.42,-5.71,175.58,inf,0.0133,-1000000.00,-1000000.00
545,1.41,-274.51,1129.59,-10.42,-5.71,175.58,inf,0.0138,-1000000.00,-1000000.00
546,1.41,-274.51,1129.59,-10.42,-5.71,175.58,inf,0.0126,-1000000.00,-1000000.00
547,1.41,-274.51,1129.59,-10.42,-5.71,175.58,inf,0.0136,-1000000.00,-1000000.00
548,1.41,-274.51,1129.59,-10.42,-5.71,175.58,inf,0.0125,-1000000.00,-1000000.00
549,1.41,-274.51,1129.59,-10.42,-5.71,175.58,inf,0.0129,-1000000.00,-1000000.00
550,1.41,-274.51,1129.59,-10.42,-5.71,175.58,inf,0.0122,-1000000.00,-1000000.00
551,1.41,-274.51,1129.59,-10.42,-5.71,175.58,inf,0.0120,-1000000.00,-1000000.00
552,-1000000.00,-1000000.00,-1000000.00,-1000000.00,-1000000.00,-1000000.00,inf,0.0129,-1000000.00,-1000000.00
553,-1000000.00,-1000000.00,-1000000.00,-1000000.00,-1000000.00,-1000000.00,inf,0.0152,-1000000.00,-1000000.00
554,-1000000.00,-1000000.00,-1000000.00,-1000000.00,-1000000.00,-1000000.00,inf,0.0130,-1000000.00,-1000000.00
555,-1000000.00,-1000000.00,-1000000.00,-1000000.00,-1000000.00,-1000000.00,inf,0.0122,-1000000.00,-1000000.00
556,-1000000.00,-1000000.00,-1000000.00,-1000000.00,-1000000.00,-1000000.00,inf,0.0142,-1000000.00,-1000000.00
557,-1000000.00,-1000000.00,-1000000.00,-1000000.00,-1000000.00,-1000000.00,inf,0.0127,-1000000.00,-1000000.00
558,-1000000.00,-1000000.00,-1000000.00,-1000000.00,-1000000.00,-1000000.00,inf,0.0154,-1000000.00,-1000000.00
